ISS (ZARYA)             
1 25544U 98067A   25141.33820368  .00008211  00000+0  15360-3 0  9995
2 25544  51.6382  80.0845 0002544 127.0828  16.1893 15.49641181510997
CSS (TIANHE)            
1 48274U 21035A   25141.16425245  .00026059  00000+0  28979-3 0  9997
2 48274  41.4637 184.7463 0005863 307.9908  52.0401 15.62257242231939
ISS (NAUKA)             
1 49044U 21066A   25140.92562933  .00008425  00000+0  15743-3 0  9998
2 49044  51.6354  82.1346 0002227 131.2287 228.8894 15.49633061216477
FREGAT DEB              
1 49271U 11037PF  25139.04138472  .00014961  00000+0  36540-1 0  9993
2 49271  51.6315  92.6347 0869949 128.5677 239.6424 12.28834273176327
CSS (WENTIAN)           
1 53239U 22085A   25140.46105333  .00024324  00000+0  27121-3 0  9996
2 53239  41.4638 189.0355 0006000 303.7373  56.2894 15.62218987 11075
CSS (MENGTIAN)          
1 54216U 22143A   25140.46105333  .00024324  00000+0  27121-3 0  9997
2 54216  41.4638 189.0355 0006000 303.7373  56.2894 15.62218987117988
TIANZHOU-8              
1 61983U 24211A   25140.46105333  .00024324  00000+0  27121-3 0  9994
2 61983  41.4638 189.0355 0006000 303.7373  56.2894 15.62218987  3824
PROGRESS-MS 29          
1 62030U 24215A   25140.92562933  .00008425  00000+0  15743-3 0  9997
2 62030  51.6354  82.1346 0002227 131.2287 228.8894 15.49633061    85
PROGRESS-MS 30          
1 63129U 25041B   25140.92562933  .00008425  00000+0  15743-3 0  9995
2 63129  51.6354  82.1346 0002227 131.2287 228.8894 15.49633061    74
CREW DRAGON 10          
1 63204U 25049A   25140.92562933  .00008425  00000+0  15743-3 0  9997
2 63204  51.6354  82.1346 0002227 131.2287 228.8894 15.49633061  9842
SOYUZ-MS 27             
1 63520U 25072A   25140.92562933  .00008425  00000+0  15743-3 0  9994
2 63520  51.6354  82.1346 0002227 131.2287 228.8894 15.49633061  2486
DRAGON CRS-32           
1 63628U 25080A   25140.92562933  .00008425  00000+0  15743-3 0  9992
2 63628  51.6354  82.1346 0002227 131.2287 228.8894 15.49633061    78
SHENZHOU-20 (SZ-20)     
1 63632U 25082A   25140.46105333  .00024324  00000+0  27121-3 0  9994
2 63632  41.4638 189.0355 0006000 303.7373  56.2894 15.62218987229120
